-2.495000000000000107e+00 8.127943879999999233e-01
-2.490000000000000213e+00 1.234732770000000146e+00
-2.484999999999999876e+00 1.743580289999999922e+00
-2.479999999999999982e+00 2.649165959999999931e+00
-2.475000000000000089e+00 3.298075020000000190e+00
-2.470000000000000195e+00 2.640824599999999744e+00
-2.464999999999999858e+00 2.067507270000000119e+00
-2.459999999999999964e+00 1.707667029999999864e+00
-2.455000000000000071e+00 1.257582170000000055e+00
-2.450000000000000178e+00 7.748732799999999976e-01
-2.444999999999999840e+00 4.055454310000000118e-01
-2.334999999999999964e+00 1.156991949000000020e+00
-2.330000000000000071e+00 1.284465605999999926e+00
-2.325000000000000178e+00 1.316672636999999924e+00
-2.319999999999999840e+00 1.417520910999999995e+00
-2.314999999999999947e+00 1.370274138000000086e+00
-2.310000000000000053e+00 1.327075376999999889e+00
-2.305000000000000160e+00 1.337747397000000005e+00
-2.299999999999999822e+00 1.365588256999999972e+00
-2.294999999999999929e+00 1.406271857999999986e+00
-2.290000000000000036e+00 1.554997240000000058e+00
-2.285000000000000142e+00 1.593922850000000002e+00
-2.279999999999999805e+00 1.605654099999999973e+00
-2.274999999999999911e+00 1.624678980000000106e+00
-2.270000000000000018e+00 1.611206619999999923e+00
-2.265000000000000124e+00 1.735135219999999867e+00
-2.259999999999999787e+00 1.740557279999999984e+00
-2.254999999999999893e+00 1.719023310000000082e+00
-2.250000000000000000e+00 1.754499389999999881e+00
-2.245000000000000107e+00 1.952136870000000135e+00
-2.240000000000000213e+00 2.030942436732454226e+00
-2.234999999999999876e+00 2.273206569001701816e+00
-2.229999999999999982e+00 2.480325567243789830e+00
-2.225000000000000089e+00 2.740565072267750146e+00
-2.220000000000000195e+00 2.964031431542235584e+00
-2.214999999999999858e+00 3.142658193340918782e+00
-2.209999999999999964e+00 3.116072138469051289e+00
-2.205000000000000071e+00 2.831569252167187578e+00
-2.200000000000000178e+00 2.666249607892440476e+00
-2.194999999999999840e+00 2.940682117177215726e+00
-2.189999999999999947e+00 2.735152136067186213e+00
-2.185000000000000053e+00 2.523282747309930851e+00
-2.180000000000000160e+00 2.329148257307266601e+00
-2.174999999999999822e+00 2.168625892529209231e+00
-2.169999999999999929e+00 2.143672284259177552e+00
-2.165000000000000036e+00 2.233165050278857144e+00
-2.160000000000000142e+00 2.505615166190986898e+00
-2.154999999999999805e+00 2.654560282691776685e+00
-2.149999999999999911e+00 2.736869710226573105e+00
-2.145000000000000018e+00 2.801292551995906432e+00
-2.140000000000000124e+00 2.543626826984422440e+00
-2.134999999999999787e+00 2.671072068535724320e+00
-2.129999999999999893e+00 2.774499085748691751e+00
-2.125000000000000000e+00 2.773429972217183792e+00
-2.120000000000000107e+00 2.868756297294892565e+00
-2.115000000000000213e+00 2.994776076162337652e+00
-2.109999999999999876e+00 3.046987869417665085e+00
-2.104999999999999982e+00 3.347488354340893313e+00
-2.100000000000000089e+00 3.679246321825650146e+00
-2.095000000000000195e+00 3.862739090860572766e+00
-2.089999999999999858e+00 3.743261781241631336e+00
-2.084999999999999964e+00 3.717645709780339924e+00
-2.080000000000000071e+00 3.755137929749026160e+00
-2.075000000000000178e+00 3.707686619165773134e+00
-2.069999999999999840e+00 3.608730553086715975e+00
-2.064999999999999947e+00 3.455843902180565586e+00
-2.060000000000000053e+00 3.451171193370381474e+00
-2.055000000000000160e+00 3.283624703118119825e+00
-2.049999999999999822e+00 3.239284650483819750e+00
-2.044999999999999929e+00 2.994991232147553362e+00
-2.040000000000000036e+00 2.823712055248120301e+00
-2.035000000000000142e+00 2.518628985610320559e+00
-2.029999999999999805e+00 2.372397237398999881e+00
-2.024999999999999911e+00 2.207821675534201500e+00
-2.020000000000000018e+00 1.907237379999999982e+00
-2.015000000000000124e+00 1.747255800000000026e+00
-2.009999999999999787e+00 1.567044400000000115e+00
-2.004999999999999893e+00 1.405626317999999930e+00
-2.000000000000000000e+00 1.341818353000000075e+00
-1.995000000000000107e+00 1.182812084000000041e+00
-1.989999999999999991e+00 1.149381899999999845e+00
-1.985000000000000098e+00 1.156911483000000018e+00
-1.979999999999999982e+00 1.119078604000000032e+00
-1.975000000000000089e+00 1.087299236000000002e+00
-1.969999999999999973e+00 1.090923778000000066e+00
-1.965000000000000080e+00 1.077456238999999982e+00
-1.959999999999999964e+00 1.065075993999999859e+00
-1.955000000000000071e+00 1.048626786999999894e+00
-1.949999999999999956e+00 1.039401379999999930e+00
-1.945000000000000062e+00 1.045283807999999981e+00
-1.939999999999999947e+00 1.052261990999999952e+00
-1.935000000000000053e+00 1.043577368999999866e+00
-1.929999999999999938e+00 1.062282375999999973e+00
-1.925000000000000044e+00 1.074447570999999879e+00
-1.919999999999999929e+00 1.107994377000000030e+00
-1.915000000000000036e+00 1.136150406999999918e+00
-1.909999999999999920e+00 1.178464245999999882e+00
-1.905000000000000027e+00 1.363416586000000041e+00
-1.899999999999999911e+00 1.560123970000000027e+00
-1.895000000000000018e+00 1.771040139999999985e+00
-1.889999999999999902e+00 2.258449084222892811e+00
-1.885000000000000009e+00 2.858520414580737690e+00
-1.879999999999999893e+00 3.406127387277884999e+00
-1.875000000000000000e+00 3.834776427383269848e+00
-1.870000000000000107e+00 3.929219232865985401e+00
-1.864999999999999991e+00 3.681894764046814927e+00
-1.860000000000000098e+00 3.357922006938926618e+00
-1.854999999999999982e+00 3.300473591155552722e+00
-1.850000000000000089e+00 3.109829075718906211e+00
-1.844999999999999973e+00 3.009598361477834327e+00
-1.840000000000000080e+00 3.032860060680278025e+00
-1.834999999999999964e+00 2.830496081434595190e+00
-1.830000000000000071e+00 2.601055133439823308e+00
-1.824999999999999956e+00 2.528866841852673186e+00
-1.820000000000000062e+00 2.372844306026360428e+00
-1.814999999999999947e+00 2.342051159016862893e+00
-1.810000000000000053e+00 2.301384177947984444e+00
-1.804999999999999938e+00 1.958240419999999871e+00
-1.800000000000000044e+00 1.948856240000000017e+00
-1.794999999999999929e+00 1.813113750000000080e+00
-1.790000000000000036e+00 1.792067010000000016e+00
-1.784999999999999920e+00 1.586272549999999892e+00
-1.780000000000000027e+00 1.599636649999999882e+00
-1.774999999999999911e+00 1.592614489999999883e+00
-1.770000000000000018e+00 1.563511699999999838e+00
-1.764999999999999902e+00 1.416342557000000113e+00
-1.760000000000000009e+00 1.416138609999999964e+00
-1.754999999999999893e+00 1.410428239999999889e+00
-1.750000000000000000e+00 1.444940456000000095e+00
-1.745000000000000107e+00 1.566328979999999982e+00
-1.739999999999999991e+00 1.553727130000000178e+00
-1.735000000000000098e+00 1.576292629999999972e+00
-1.729999999999999982e+00 1.534342450000000024e+00
-1.725000000000000089e+00 1.529901540000000004e+00
-1.719999999999999973e+00 1.558068500000000078e+00
-1.715000000000000080e+00 1.545599219999999940e+00
-1.709999999999999964e+00 1.582876430000000001e+00
-1.705000000000000071e+00 1.584737499999999910e+00
-1.699999999999999956e+00 1.595838250000000125e+00
-1.695000000000000062e+00 1.592710059999999928e+00
-1.689999999999999947e+00 1.624861420000000001e+00
-1.685000000000000053e+00 1.584338620000000031e+00
-1.679999999999999938e+00 1.576262020000000152e+00
-1.675000000000000044e+00 1.422976785999999993e+00
-1.669999999999999929e+00 1.390822828999999983e+00
-1.665000000000000036e+00 1.416621617999999971e+00
-1.659999999999999920e+00 1.393436742000000006e+00
-1.655000000000000027e+00 1.345291208999999988e+00
-1.649999999999999911e+00 1.230384758000000023e+00
-1.645000000000000018e+00 1.250411946000000052e+00
-1.639999999999999902e+00 1.221678954000000150e+00
-1.635000000000000009e+00 1.231910099999999897e+00
-1.629999999999999893e+00 1.224602750999999934e+00
-1.625000000000000000e+00 1.228981112000000042e+00
-1.620000000000000107e+00 1.247288836999999928e+00
-1.614999999999999991e+00 1.236853997999999955e+00
-1.610000000000000098e+00 1.235977788000000022e+00
-1.604999999999999982e+00 1.224917849999999975e+00
-1.600000000000000089e+00 1.232988426999999998e+00
-1.594999999999999973e+00 1.204516023000000047e+00
-1.590000000000000080e+00 1.216833854999999964e+00
-1.584999999999999964e+00 1.206101577000000091e+00
-1.580000000000000071e+00 1.248084163000000135e+00
-1.574999999999999956e+00 1.409333273000000109e+00
-1.570000000000000062e+00 1.405671464000000093e+00
-1.564999999999999947e+00 1.429452516000000006e+00
-1.560000000000000053e+00 1.579411780000000043e+00
-1.554999999999999938e+00 1.594330309999999917e+00
-1.550000000000000044e+00 1.774394360000000059e+00
-1.544999999999999929e+00 1.793891930000000023e+00
-1.540000000000000036e+00 1.954465090000000016e+00
-1.534999999999999920e+00 1.964667830000000004e+00
-1.530000000000000027e+00 1.963469359999999941e+00
-1.524999999999999911e+00 1.929161020000000004e+00
-1.520000000000000018e+00 1.947470129999999910e+00
-1.514999999999999902e+00 1.962558570000000113e+00
-1.510000000000000009e+00 1.931641439999999932e+00
-1.504999999999999893e+00 1.929135199999999939e+00
-1.500000000000000000e+00 1.784769119999999987e+00
-1.495000000000000107e+00 1.774319009999999919e+00
-1.489999999999999991e+00 1.939914040000000117e+00
-1.485000000000000098e+00 1.932880909999999952e+00
-1.479999999999999982e+00 1.973256260000000095e+00
-1.475000000000000089e+00 2.190628583719823830e+00
-1.469999999999999973e+00 2.236244015233507021e+00
-1.465000000000000080e+00 2.250591160644033195e+00
-1.459999999999999964e+00 2.368416522826238602e+00
-1.455000000000000071e+00 2.422875078916952862e+00
-1.449999999999999956e+00 2.380748619328060478e+00
-1.445000000000000062e+00 2.347833506187077646e+00
-1.439999999999999947e+00 2.337764927849310226e+00
-1.435000000000000053e+00 2.428236968374331450e+00
-1.429999999999999938e+00 2.440539670454492605e+00
-1.425000000000000044e+00 2.493130693060907621e+00
-1.419999999999999929e+00 2.469444781097183128e+00
-1.415000000000000036e+00 2.524496017670106340e+00
-1.409999999999999920e+00 2.664476489843797591e+00
-1.405000000000000027e+00 2.765078593361402604e+00
-1.399999999999999911e+00 2.831163022393664797e+00
-1.395000000000000018e+00 2.879520317948192520e+00
-1.389999999999999902e+00 3.040534340657847334e+00
-1.385000000000000009e+00 3.113139037685627830e+00
-1.379999999999999893e+00 3.156019393454160937e+00
-1.375000000000000000e+00 2.064928563502402614e+00
-1.370000000000000107e+00 1.921759969999999873e+00
-1.364999999999999991e+00 1.962008769999999958e+00
-1.360000000000000098e+00 1.948558940000000073e+00
-1.354999999999999982e+00 1.943462149999999999e+00
-1.350000000000000089e+00 2.144378401687735192e+00
-1.344999999999999973e+00 2.197879356290838082e+00
-1.340000000000000080e+00 2.323202504652320144e+00
-1.334999999999999964e+00 2.357717782686287844e+00
-1.330000000000000071e+00 2.520955797202092619e+00
-1.324999999999999956e+00 2.810966541581521483e+00
-1.320000000000000062e+00 3.085805407106077869e+00
-1.314999999999999947e+00 3.277867611328402653e+00
-1.310000000000000053e+00 3.678307228724365885e+00
-1.304999999999999938e+00 4.056888155693151532e+00
-1.300000000000000044e+00 4.434352339129052467e+00
-1.294999999999999929e+00 4.821382003313201103e+00
-1.290000000000000036e+00 5.327263481879282558e+00
-1.284999999999999920e+00 5.852869201724697490e+00
-1.280000000000000027e+00 6.564791208478623297e+00
-1.274999999999999911e+00 7.220673480640272146e+00
-1.270000000000000018e+00 7.721567448543991574e+00
-1.264999999999999902e+00 7.822026963349421713e+00
-1.260000000000000009e+00 8.581198621122975823e+00
-1.250000000000000000e+00 8.739475151323663482e+00
-1.245000000000000107e+00 8.452423160853552275e+00
-1.239999999999999991e+00 8.017666971207230375e+00
-1.235000000000000098e+00 7.537477586519789163e+00
-1.229999999999999982e+00 6.815794335497508349e+00
-1.225000000000000089e+00 6.490020600596875688e+00
-1.219999999999999973e+00 6.045663461961891194e+00
-1.215000000000000080e+00 5.551727848719031577e+00
-1.209999999999999964e+00 5.555784795229040895e+00
-1.205000000000000071e+00 5.284265076388046545e+00
-1.199999999999999956e+00 5.279048258007914107e+00
-1.195000000000000062e+00 5.140644127731476942e+00
-1.189999999999999947e+00 5.061570226539873651e+00
-1.185000000000000053e+00 5.104307048452922047e+00
-1.179999999999999938e+00 5.174575674261659763e+00
-1.175000000000000044e+00 5.202540377571626351e+00
-1.169999999999999929e+00 5.482499181233315255e+00
-1.165000000000000036e+00 5.508250092094105099e+00
-1.159999999999999920e+00 5.583438863963132270e+00
-1.155000000000000027e+00 5.881847775207318385e+00
-1.149999999999999911e+00 6.073616006594303229e+00
-1.145000000000000018e+00 6.166820598870892844e+00
-1.139999999999999902e+00 6.321223360905528388e+00
-1.135000000000000009e+00 6.554490050886420782e+00
-1.129999999999999893e+00 6.735466974055150935e+00
-1.125000000000000000e+00 6.869326477434552380e+00
-1.120000000000000107e+00 7.086877964967737142e+00
-1.114999999999999991e+00 7.265174792148600069e+00
-1.110000000000000098e+00 7.625138602742821625e+00
-1.104999999999999982e+00 7.680642488997961870e+00
-1.100000000000000089e+00 7.857650548671414548e+00
-1.094999999999999973e+00 7.821150615083129587e+00
-1.090000000000000080e+00 7.945493450548147152e+00
-1.084999999999999964e+00 7.842153349908731030e+00
-1.080000000000000071e+00 7.939471263566304948e+00
-1.074999999999999956e+00 7.781441010026292737e+00
-1.070000000000000062e+00 7.681499108463547998e+00
-1.064999999999999947e+00 7.437818366386423463e+00
-1.060000000000000053e+00 7.307789956076326199e+00
-1.054999999999999938e+00 7.145851048366330893e+00
-1.050000000000000044e+00 6.930110405493159931e+00
-1.044999999999999929e+00 7.069938892473266456e+00
-1.040000000000000036e+00 6.836947034137049961e+00
-1.034999999999999920e+00 6.787773339800208916e+00
-1.030000000000000027e+00 6.513020782604237446e+00
-1.024999999999999911e+00 6.325153690585754163e+00
-1.020000000000000018e+00 6.003333628486436702e+00
-1.014999999999999902e+00 5.756665383354921950e+00
-1.010000000000000009e+00 5.406098329634257738e+00
-1.004999999999999893e+00 5.006367494882567826e+00
-1.000000000000000000e+00 4.731330587650026231e+00
-9.949999999999999956e-01 4.489671952434897584e+00
-9.899999999999999911e-01 4.165270434078894191e+00
-9.849999999999999867e-01 3.889793156267441709e+00
-9.799999999999999822e-01 3.680159466832874759e+00
-9.749999999999999778e-01 3.381585338849672162e+00
-9.699999999999999734e-01 3.243091539755087904e+00
-9.649999999999999689e-01 3.149441520174400821e+00
-9.599999999999999645e-01 3.047605177338308824e+00
-9.549999999999999600e-01 2.977877530966813513e+00
-9.499999999999999556e-01 2.983528543131128252e+00
-9.449999999999999512e-01 3.001238956164069105e+00
-9.399999999999999467e-01 3.071183213854918215e+00
-9.350000000000000533e-01 3.203327356002829251e+00
-9.300000000000000488e-01 3.328986310153321249e+00
-9.250000000000000444e-01 3.533660012850552867e+00
-9.200000000000000400e-01 3.716139270923544125e+00
-9.150000000000000355e-01 3.983544146348122261e+00
-9.100000000000000311e-01 4.325530540950281555e+00
-9.050000000000000266e-01 4.611112650235521748e+00
-9.000000000000000222e-01 4.974954727235585850e+00
-8.950000000000000178e-01 5.328907445485262073e+00
-8.900000000000000133e-01 5.781242728021527277e+00
-8.850000000000000089e-01 6.140205276117207234e+00
-8.800000000000000044e-01 6.589541955816812902e+00
-8.750000000000000000e-01 7.055337155779229263e+00
-8.699999999999999956e-01 7.599883516941349448e+00
-8.649999999999999911e-01 8.042026460173856250e+00
-8.599999999999999867e-01 8.569541306651839108e+00
-8.549999999999999822e-01 8.943799342840916822e+00
-8.499999999999999778e-01 9.401564872947691498e+00
-8.449999999999999734e-01 9.655697620163895323e+00
-8.399999999999999689e-01 1.005337046896173625e+01
-8.349999999999999645e-01 1.017917458980149803e+01
-8.299999999999999600e-01 9.891261279841286225e+00
-8.249999999999999556e-01 9.932906683795778235e+00
-8.199999999999999512e-01 1.011039918693092687e+01
-8.149999999999999467e-01 1.003596185512867756e+01
-8.100000000000000533e-01 1.012871569326432031e+01
-8.050000000000000488e-01 1.008282510975219992e+01
-8.000000000000000444e-01 1.016016588349328664e+01
-7.950000000000000400e-01 9.460417872758965174e+00
-7.900000000000000355e-01 9.080945886172367310e+00
-7.850000000000000311e-01 8.590355575090129037e+00
-7.800000000000000266e-01 8.040758198113492128e+00
-7.750000000000000222e-01 7.695260255562397234e+00
-7.700000000000000178e-01 7.249825243552672660e+00
-7.650000000000000133e-01 7.174941238824918521e+00
-7.600000000000000089e-01 8.160221528887644737e+00
-7.550000000000000044e-01 7.936643910311446781e+00
-7.500000000000000000e-01 7.741613717446233167e+00
-7.449999999999999956e-01 7.545245001539638174e+00
-7.399999999999999911e-01 7.567205821084895589e+00
-7.349999999999999867e-01 7.672436912009031218e+00
-7.299999999999999822e-01 7.711553238556737355e+00
-7.249999999999999778e-01 7.693557308975226938e+00
-7.199999999999999734e-01 7.660162107415261268e+00
-7.149999999999999689e-01 7.652736558262335009e+00
-7.099999999999999645e-01 7.704509468683103712e+00
-7.049999999999999600e-01 8.045713674148718297e+00
-6.999999999999999556e-01 8.234448423089418156e+00
-6.949999999999999512e-01 8.817164704596557101e+00
-6.899999999999999467e-01 9.304264263305789484e+00
-6.850000000000000533e-01 9.312371960430921192e+00
-6.800000000000000488e-01 9.157500360283805207e+00
-6.750000000000000444e-01 8.942274254787401233e+00
-6.700000000000000400e-01 8.657577614363448859e+00
-6.650000000000000355e-01 8.519883004668503901e+00
-6.600000000000000311e-01 8.450194154472301378e+00
-6.550000000000000266e-01 8.284070884755925235e+00
-6.500000000000000222e-01 8.256383440638220605e+00
-6.450000000000000178e-01 8.129091570405792666e+00
-6.400000000000000133e-01 8.082920061564184522e+00
-6.350000000000000089e-01 7.970602912325043476e+00
-6.300000000000000044e-01 7.232321231105009574e+00
-6.250000000000000000e-01 7.033151652828427913e+00
-6.199999999999999956e-01 7.158825338928986426e+00
-6.149999999999999911e-01 7.090583658735376993e+00
-6.099999999999999867e-01 7.032264271353536600e+00
-6.049999999999999822e-01 7.135237274979873590e+00
-5.999999999999999778e-01 7.158349067149913481e+00
-5.949999999999999734e-01 7.367097375736550546e+00
-5.899999999999999689e-01 7.446275747270713730e+00
-5.849999999999999645e-01 7.642075761903215358e+00
-5.799999999999999600e-01 7.840378943722173588e+00
-5.749999999999999556e-01 8.194106040883154307e+00
-5.699999999999999512e-01 8.529308248233142820e+00
-5.649999999999999467e-01 8.883352838590553802e+00
-5.600000000000000533e-01 9.140634935106456638e+00
-5.550000000000000488e-01 9.494343764187201273e+00
-5.500000000000000444e-01 9.685404273489771398e+00
-5.450000000000000400e-01 1.001112127301782806e+01
-5.400000000000000355e-01 1.043624811423567600e+01
-5.350000000000000311e-01 1.060035547418822333e+01
-5.300000000000000266e-01 1.091611299590340600e+01
-5.250000000000000222e-01 1.119373429632291739e+01
-5.200000000000000178e-01 1.146626327647102705e+01
-5.150000000000000133e-01 1.165117747330489806e+01
-5.100000000000000089e-01 1.204197482521751894e+01
-5.050000000000000044e-01 1.217625371163368619e+01
-5.000000000000000000e-01 1.237181273936356796e+01
-4.949999999999999956e-01 1.257399774348287735e+01
-4.899999999999999911e-01 1.284134215561225112e+01
-4.849999999999999867e-01 1.251893630425604265e+01
-4.799999999999999822e-01 1.269823301143042116e+01
-4.749999999999999778e-01 1.285517536929539339e+01
-4.699999999999999734e-01 1.309900485970070783e+01
-4.650000000000000244e-01 1.319807163971806041e+01
-4.600000000000000200e-01 1.334104290306653340e+01
-4.550000000000000155e-01 1.347444310479510676e+01
-4.500000000000000111e-01 1.366382719829842962e+01
-4.450000000000000067e-01 1.435189585585269967e+01
-4.400000000000000022e-01 1.446964493660911266e+01
-4.349999999999999978e-01 1.470902155322147564e+01
-4.299999999999999933e-01 1.489142620864757838e+01
-4.249999999999999889e-01 1.488640152941031225e+01
-4.199999999999999845e-01 1.501690324632705398e+01
-4.149999999999999800e-01 1.487818041527192925e+01
-4.099999999999999756e-01 1.466035730532358095e+01
-4.050000000000000266e-01 1.474542224105546850e+01
-4.000000000000000222e-01 1.505324457472764443e+01
-3.950000000000000178e-01 1.522515812290442661e+01
-3.900000000000000133e-01 1.546472815812398949e+01
-3.850000000000000089e-01 1.573459199452462620e+01
-3.800000000000000044e-01 1.583867186689669282e+01
-3.750000000000000000e-01 1.596762549285691613e+01
-3.699999999999999956e-01 1.603946797495511944e+01
-3.649999999999999911e-01 1.609471561670983775e+01
-3.599999999999999867e-01 1.611167290291821175e+01
-3.549999999999999822e-01 1.592118375396526098e+01
-3.499999999999999778e-01 1.550181895916660935e+01
-3.449999999999999734e-01 1.521586481899224630e+01
-3.400000000000000244e-01 1.482648451395749412e+01
-3.350000000000000200e-01 1.448584689035911310e+01
-3.300000000000000155e-01 1.421576869421055456e+01
-3.250000000000000111e-01 1.399264444639906557e+01
-3.200000000000000067e-01 1.378221404853670862e+01
-3.150000000000000022e-01 1.354523229495397452e+01
-3.099999999999999978e-01 1.336503122770562513e+01
-3.049999999999999933e-01 1.322896933260019914e+01
-2.999999999999999889e-01 1.308880798854196392e+01
-2.949999999999999845e-01 1.295698490965051164e+01
-2.899999999999999800e-01 1.281906292109469092e+01
-2.849999999999999756e-01 1.285268104923554588e+01
-2.800000000000000266e-01 1.292652792164803444e+01
-2.750000000000000222e-01 1.295756728737791619e+01
-2.700000000000000178e-01 1.310526661355914335e+01
-2.650000000000000133e-01 1.329518047790047142e+01
-2.600000000000000089e-01 1.328310614237492437e+01
-2.550000000000000044e-01 1.319059500847322930e+01
-2.500000000000000000e-01 1.288217230731792640e+01
-2.449999999999999956e-01 1.260090451567010916e+01
-2.399999999999999911e-01 1.220576771263221794e+01
-2.349999999999999867e-01 1.183220493643418791e+01
-2.300000000000000100e-01 1.151572495502442273e+01
-2.250000000000000056e-01 1.127773500213793945e+01
-2.200000000000000011e-01 1.123653555689706529e+01
-2.149999999999999967e-01 1.105671764956939818e+01
-2.099999999999999922e-01 1.111205052668942805e+01
-2.049999999999999878e-01 1.130066836697718813e+01
-2.000000000000000111e-01 1.152096603686007015e+01
-1.950000000000000067e-01 1.170164867612547255e+01
-1.900000000000000022e-01 1.177074271290386243e+01
-1.849999999999999978e-01 1.208256972895260972e+01
-1.799999999999999933e-01 1.220148280476031388e+01
-1.749999999999999889e-01 1.234328614445855088e+01
-1.700000000000000122e-01 1.259597975096643196e+01
-1.650000000000000078e-01 1.305703023800138318e+01
-1.600000000000000033e-01 1.336971631255334358e+01
-1.549999999999999989e-01 1.372184525768676799e+01
-1.499999999999999944e-01 1.416246856549149236e+01
-1.449999999999999900e-01 1.467861125781460174e+01
-1.400000000000000133e-01 1.492929735846111861e+01
-1.350000000000000089e-01 1.519862121998939308e+01
-1.300000000000000044e-01 1.524756807723520424e+01
-1.250000000000000000e-01 1.508764261122476391e+01
-1.199999999999999956e-01 1.499066992489230188e+01
-1.150000000000000050e-01 1.481862282191040237e+01
-1.100000000000000006e-01 1.445278306778549116e+01
-1.049999999999999961e-01 1.420074012927214291e+01
-1.000000000000000056e-01 1.405373727628382596e+01
-9.499999999999980682e-02 1.384875630575513661e+01
-8.999999999999989952e-02 1.349497196296302270e+01
-8.500000000000000611e-02 1.337185944347681854e+01
-8.000000000000009881e-02 1.322110068224527168e+01
-7.499999999999970579e-02 1.309363772400407555e+01
-6.999999999999979849e-02 1.311185008535531615e+01
-6.499999999999990508e-02 1.302043192378916636e+01
-6.000000000000010186e-02 1.309114965922801233e+01
-5.500000000000020151e-02 1.321429321601606688e+01
-4.999999999999980155e-02 1.331792462528374621e+01
-4.499999999999990119e-02 1.348348719741897561e+01
-4.000000000000000083e-02 1.371478291826573859e+01
-3.500000000000010048e-02 1.253839585959419267e+01
-2.999999999999980113e-02 1.295898609728270756e+01
-2.499999999999990077e-02 1.338686348125151859e+01
-2.000000000000000042e-02 1.401278070919697782e+01
-1.500000000000010006e-02 1.452366776577449414e+01
-9.999999999999790307e-03 1.490018702062953082e+01
-4.999999999999889949e-03 1.495916283997725316e+01
