-2.838000000000000078e+00 3.446622108516470995e+00
-2.835999999999999854e+00 3.760997222158992681e+00
-2.834000000000000075e+00 3.885653302272082055e+00
-2.831999999999999851e+00 4.000774461249709368e+00
-2.830000000000000071e+00 4.103125888388984066e+00
-2.827999999999999847e+00 4.206676608184905852e+00
-2.826000000000000068e+00 4.278709830770634603e+00
-2.823999999999999844e+00 4.333616565459333714e+00
-2.822000000000000064e+00 4.370698166867032164e+00
-2.819999999999999840e+00 4.386830844323787559e+00
-2.818000000000000060e+00 4.388915728107805947e+00
-2.815999999999999837e+00 4.376998193793209424e+00
-2.814000000000000057e+00 4.351217024951137269e+00
-2.811999999999999833e+00 4.311109950647059819e+00
-2.810000000000000053e+00 4.263402240834420986e+00
-2.807999999999999829e+00 4.209885718846305025e+00
-2.806000000000000050e+00 4.147116709387693056e+00
-2.803999999999999826e+00 4.095365362044150359e+00
-2.802000000000000046e+00 4.028248993634957920e+00
-2.799999999999999822e+00 3.964910659520982872e+00
-2.798000000000000043e+00 3.885345483423352952e+00
-2.795999999999999819e+00 3.784775106254086641e+00
-2.548000000000000043e+00 3.672341828520382379e+00
-2.545999999999999819e+00 3.833549249694141903e+00
-2.544000000000000039e+00 3.883880156719875298e+00
-2.541999999999999815e+00 4.116144178439651746e+00
-2.540000000000000036e+00 4.243607578490466992e+00
-2.537999999999999812e+00 4.362364659200698824e+00
-2.536000000000000032e+00 4.460778221430619084e+00
-2.533999999999999808e+00 4.551900284411640740e+00
-2.532000000000000028e+00 4.614533412565367421e+00
-2.529999999999999805e+00 4.634905584057655403e+00
-2.528000000000000025e+00 4.641326709840965847e+00
-2.525999999999999801e+00 4.627348515396345618e+00
-2.524000000000000021e+00 4.599506404662108139e+00
-2.521999999999999797e+00 4.541674047618652565e+00
-2.520000000000000018e+00 4.447081665306297893e+00
-2.517999999999999794e+00 4.371672016135848438e+00
-2.516000000000000014e+00 4.252921520165382496e+00
-2.513999999999999790e+00 4.178767963518327910e+00
-2.512000000000000011e+00 4.050148690605205104e+00
-2.509999999999999787e+00 3.874767849184678425e+00
-2.505999999999999783e+00 3.554900643610116706e+00
-2.501999999999999780e+00 3.550683793262666033e+00
-2.500000000000000000e+00 3.415875343380244455e+00
-2.439751503006009958e+00 3.736116362928220358e+00
-2.435735470941879921e+00 3.793513629288022049e+00
-2.433727454909819787e+00 3.760188820772615959e+00
-2.431719438877760098e+00 3.720577855169318049e+00
-2.429711422845690194e+00 3.680743542882709995e+00
-2.427703406813630060e+00 3.799245732305113421e+00
-2.425695390781560157e+00 3.768404141820592912e+00
-2.423687374749500023e+00 3.729841209425815762e+00
-2.359430861723450068e+00 4.274626261228154256e+00
-2.357422845691380164e+00 4.325645884517210327e+00
-2.355414829659320031e+00 4.359246987385956729e+00
-2.353406813627250127e+00 4.362256791610841233e+00
-2.351398797595189993e+00 4.348385386655244211e+00
-2.349390781563129860e+00 4.327208536985284404e+00
-2.347382765531059956e+00 4.306411615671108528e+00
-2.345374749498999822e+00 4.293275051634291017e+00
-2.343366733466929919e+00 4.284723777870768302e+00
-2.341358717434869785e+00 4.276311618572576023e+00
-2.339350701402810095e+00 4.265159754085861010e+00
-2.337342685370740192e+00 4.252944240144826082e+00
-2.335334669338680058e+00 4.239726608079819492e+00
-2.333326653306610154e+00 4.222862802111404967e+00
-2.331318637274550021e+00 4.200502380164626182e+00
-2.329310621242480117e+00 4.184683744959911245e+00
-2.327302605210419983e+00 4.197544369295680866e+00
-2.325294589178359850e+00 4.219529878452314975e+00
-2.323286573146289946e+00 4.234780999684661928e+00
-2.321278557114229812e+00 4.245493250366296323e+00
-2.319270541082159909e+00 4.252392152508416068e+00
-2.317262525050100219e+00 4.253506308336772790e+00
-2.315254509018040086e+00 4.253050462574556434e+00
-2.313246492985970182e+00 4.246471982420145785e+00
-2.311238476953910048e+00 4.239149700199127402e+00
-2.309230460921840145e+00 4.256303681399482564e+00
-2.307222444889780011e+00 4.262935077091634106e+00
-2.305214428857719877e+00 4.261857348152791936e+00
-2.303206412825649974e+00 4.252394239571700041e+00
-2.301198396793589840e+00 4.229761859759338272e+00
-2.299190380761519936e+00 4.199586483399677661e+00
-2.297182364729459803e+00 4.156096120475939237e+00
-2.295174348697389899e+00 4.144778424012143248e+00
-2.289150300601200172e+00 4.571427339828599834e+00
-2.287142284569140038e+00 4.621224275979330720e+00
-2.285134268537070135e+00 4.672134442610788696e+00
-2.283126252505010001e+00 4.710801185394028145e+00
-2.281118236472949867e+00 4.741165614099939418e+00
-2.279110220440879964e+00 4.775674070083694822e+00
-2.277102204408819830e+00 4.807633358065164231e+00
-2.275094188376749926e+00 4.828775231448508620e+00
-2.273086172344689793e+00 4.847260359527833629e+00
-2.271078156312630103e+00 4.866677212861206137e+00
-2.269070140280560199e+00 4.874941259477502342e+00
-2.265054108216430162e+00 4.886927035245652640e+00
-2.263046092184370028e+00 4.884546427290980652e+00
-2.250997995991979916e+00 4.867236926062574298e+00
-2.246981963927860093e+00 4.838063686466202995e+00
-2.244973947895790189e+00 4.820923762812479474e+00
-2.242965931863730056e+00 4.798651550845138836e+00
-2.240957915831660152e+00 4.779140522568913418e+00
-2.238949899799600018e+00 4.753985603633612556e+00
-2.234933867735469981e+00 4.682330163922508781e+00
-2.232925851703409847e+00 4.652296041274763816e+00
-2.230917835671339944e+00 4.626355782978314402e+00
-2.228909819639279810e+00 4.599984680580007534e+00
-2.226901803607209906e+00 4.573592667078772322e+00
-2.224893787575150217e+00 4.544169039565351120e+00
-2.220877755511020180e+00 4.757201124977041395e+00
-2.218869739478960046e+00 4.816248447741205752e+00
-2.216861723446890142e+00 4.865591743837423877e+00
-2.212845691382769875e+00 4.933159323965012000e+00
-2.210837675350699971e+00 4.954417561147977267e+00
-2.208829659318639838e+00 4.934643072945959830e+00
-2.206821643286569934e+00 4.946972284675682729e+00
-2.204813627254509800e+00 4.945344494535586222e+00
-2.198789579158320073e+00 4.995119143534033412e+00
-2.186741482965929961e+00 4.743266925474728168e+00
-2.176701402805610197e+00 4.879738882882789675e+00
-2.174693386773550063e+00 4.937670170705822592e+00
-2.170677354709420026e+00 4.880596534491925986e+00
-2.168669338677350122e+00 4.879741412625885566e+00
-2.152605210420840187e+00 4.862095641607463214e+00
-2.146581162324650016e+00 4.881291171062550838e+00
-2.130517034068140081e+00 4.879179701241864286e+00
-2.126501002004010044e+00 4.879995568974462294e+00
-2.122484969939880006e+00 4.937282338333190523e+00
-2.120476953907819873e+00 4.937622532137995179e+00
-2.098388777555109996e+00 4.981071120726973334e+00
-2.092364729458919825e+00 4.975319315497890749e+00
-2.084332665330660195e+00 4.936615766110223014e+00
-2.082324649298600061e+00 4.936986860272090993e+00
-2.080316633266530157e+00 4.935015824917179827e+00
-2.078308617234470024e+00 4.882229766948336547e+00
-2.076300601202400120e+00 4.963772207765625666e+00
-2.074292585170339986e+00 4.950399143351278397e+00
-2.072284569138279853e+00 4.933888089422108436e+00
-2.070276553106209949e+00 4.929268894282749613e+00
-2.066260521042079912e+00 4.897783346331751275e+00
-2.064252505010019778e+00 4.859655527218976978e+00
-2.056220440881760148e+00 4.801279795032277420e+00
-2.052204408817630110e+00 4.766660785200949491e+00
-2.050196392785569977e+00 4.754210438920566162e+00
-2.048188376753509843e+00 4.733592432273598938e+00
-2.046180360721439939e+00 4.717288239656459048e+00
-2.042164328657309902e+00 4.698252665365079572e+00
-2.040156312625250212e+00 4.679369074851574162e+00
-2.038148296593190079e+00 4.660974261220855119e+00
-2.036140280561120175e+00 4.649502415252081633e+00
-2.032124248496990138e+00 4.625789128231557079e+00
-2.030116232464930004e+00 4.616620136642872296e+00
-2.028108216432869870e+00 4.608005805310344982e+00
-2.024092184368739833e+00 4.593598997318907529e+00
-2.022084168336669929e+00 4.576178898270245377e+00
-2.020076152304609796e+00 4.576751932283545266e+00
-2.012044088176350165e+00 4.573172569768367168e+00
-2.010036072144290031e+00 4.574078430167176634e+00
-2.006020040080159994e+00 4.578976134542032561e+00
-2.002004008016029957e+00 4.604064633733465861e+00
-1.999995991983970045e+00 4.607672636198140381e+00
-1.997987975951899919e+00 4.612320577761432006e+00
-1.993971943887780096e+00 4.638021274841547026e+00
-1.991963927855709970e+00 4.655860936433331432e+00
-1.977907815631259947e+00 4.860750414979372991e+00
-1.973891783567129909e+00 4.963530975512173704e+00
-1.971883767535069998e+00 4.880020538040537481e+00
-1.969875751503010086e+00 4.933423299448992161e+00
-1.953811623246489937e+00 4.878520721453062592e+00
-1.899999999999999911e+00 5.812103316418188115e+00
-1.897999999999999909e+00 5.809865160044317633e+00
-1.895999999999999908e+00 5.806131102735133886e+00
-1.893999999999999906e+00 5.804021107172986582e+00
-1.891999999999999904e+00 5.802437053963552138e+00
-1.889999999999999902e+00 5.802307164992261512e+00
-1.887999999999999901e+00 5.803419022337190647e+00
-1.885999999999999899e+00 5.803388109165982911e+00
-1.883999999999999897e+00 5.805259470098180330e+00
-1.881999999999999895e+00 5.804610824625182630e+00
-1.879999999999999893e+00 5.806285279970050617e+00
-1.877999999999999892e+00 5.805540911722559372e+00
-1.875999999999999890e+00 5.804962044331205995e+00
-1.872000000000000108e+00 5.807085205914063408e+00
-1.870000000000000107e+00 5.805206795704918044e+00
-1.868000000000000105e+00 5.801482611329219274e+00
-1.866000000000000103e+00 5.796550143172837899e+00
-1.858000000000000096e+00 5.732511951091173508e+00
-1.856000000000000094e+00 5.727803633765057079e+00
-1.854000000000000092e+00 5.721486998485939779e+00
-1.852000000000000091e+00 5.713464388873298105e+00
-1.850000000000000089e+00 5.699659402153382182e+00
-1.848000000000000087e+00 5.689723512571527309e+00
-1.836000000000000076e+00 4.880590864289843012e+00
-1.828000000000000069e+00 4.755034417957300086e+00
-1.806000000000000050e+00 4.980887183476788493e+00
-1.802000000000000046e+00 4.967541508465476596e+00
-1.794000000000000039e+00 5.027655902894560214e+00
-1.792000000000000037e+00 4.858377341312586140e+00
-1.790000000000000036e+00 4.985885336708332005e+00
-1.776000000000000023e+00 4.904825612575847593e+00
-1.774000000000000021e+00 4.921463597765706410e+00
-1.772000000000000020e+00 4.921680787394544510e+00
-1.770000000000000018e+00 4.917559802716112927e+00
-1.758000000000000007e+00 4.879460916254039660e+00
-1.756000000000000005e+00 4.996526231607501423e+00
-1.741999999999999993e+00 4.923375147384563277e+00
-1.739999999999999991e+00 4.936328349317990138e+00
-1.737999999999999989e+00 4.934951756436663395e+00
-1.735999999999999988e+00 4.927657721499018706e+00
-1.733999999999999986e+00 5.003935278071836912e+00
-1.731999999999999984e+00 4.879193004961051017e+00
-1.729999999999999982e+00 4.962378120532877190e+00
-1.727999999999999980e+00 4.931560309474575909e+00
-1.725999999999999979e+00 4.904706763210679554e+00
-1.723999999999999977e+00 4.869691332928442584e+00
-1.721999999999999975e+00 4.840470888793167781e+00
-1.711999999999999966e+00 4.906512007294767663e+00
-1.709999999999999964e+00 4.864763881686724467e+00
-1.707999999999999963e+00 4.829461577963153118e+00
-1.705999999999999961e+00 4.788728232218182335e+00
-1.699999999999999956e+00 4.677749521142096079e+00
-1.697999999999999954e+00 4.624328757802917522e+00
-1.693999999999999950e+00 4.570152732362974923e+00
-1.691999999999999948e+00 4.535330089303945655e+00
-1.689999999999999947e+00 4.508482540383305981e+00
-1.687999999999999945e+00 4.490407456150137477e+00
-1.685999999999999943e+00 4.478633237090467567e+00
-1.683999999999999941e+00 4.463012157830331006e+00
-1.681999999999999940e+00 4.493982851011583790e+00
-1.679999999999999938e+00 4.451930860890831454e+00
-1.673999999999999932e+00 4.510337243224719295e+00
-1.671999999999999931e+00 4.538797947635493379e+00
-1.669999999999999929e+00 4.572319351548871147e+00
-1.667999999999999927e+00 4.613393755303265564e+00
-1.665999999999999925e+00 4.665358107468364324e+00
-1.661999999999999922e+00 4.761003596429649320e+00
-1.659999999999999920e+00 4.823391480407276610e+00
-1.657999999999999918e+00 4.892247892202749249e+00
-1.655999999999999917e+00 4.953058941648036395e+00
-1.653999999999999915e+00 4.988869083571652041e+00
-1.651999999999999913e+00 4.958773941175903310e+00
-1.649999999999999911e+00 4.940930879751120663e+00
-1.645999999999999908e+00 4.878977081630153201e+00
-1.643999999999999906e+00 4.935802609754195380e+00
-1.641999999999999904e+00 4.880936698844029031e+00
-1.639999999999999902e+00 4.995732592694325902e+00
-1.631999999999999895e+00 4.878913529391576631e+00
-1.616000000000000103e+00 4.824705078774071509e+00
-1.600000000000000089e+00 4.879882121634945946e+00
-1.503020000000000023e+00 5.643978022271710415e+00
-1.500999999999999890e+00 5.652344731506724784e+00
-1.498979999999999979e+00 5.668104873612919370e+00
-1.496960000000000068e+00 5.687191426030146602e+00
-1.494939999999999936e+00 5.698707914096100779e+00
-1.486860000000000070e+00 5.739831255442047642e+00
-1.484839999999999938e+00 5.907433358171494397e+00
-1.482820000000000027e+00 5.917766454027934664e+00
-1.480799999999999894e+00 5.927479830108024927e+00
-1.478779999999999983e+00 5.935126226714545261e+00
-1.476760000000000073e+00 5.944057393798172662e+00
-1.474739999999999940e+00 5.950143877415882798e+00
-1.472720000000000029e+00 5.835697628257578096e+00
-1.470699999999999896e+00 5.954027441442041102e+00
-1.468679999999999986e+00 5.826684978440272111e+00
-1.466660000000000075e+00 5.943606287145567713e+00
-1.464639999999999942e+00 5.819834480719295655e+00
-1.462620000000000031e+00 5.813702180335529768e+00
-1.460599999999999898e+00 5.801327529691697293e+00
-1.442420000000000035e+00 5.651617863930423979e+00
-1.440399999999999903e+00 5.657916566984666495e+00
-1.438379999999999992e+00 5.666277788988181463e+00
-1.434339999999999948e+00 5.639325803987525809e+00
-1.432320000000000038e+00 5.655356568605474976e+00
-1.430299999999999905e+00 5.673713590738726609e+00
-1.428279999999999994e+00 5.695757598299667102e+00
-1.424239999999999950e+00 5.620432701814877419e+00
-1.301666666666670080e+00 6.755192780404022379e+00
-1.299660000000000037e+00 6.783166521228363166e+00
-1.297653333333329995e+00 6.814990849393837813e+00
-1.295646666666669944e+00 6.846952820703895881e+00
-1.293639999999999901e+00 6.879317705609212297e+00
-1.291633333333330080e+00 6.914472442565863020e+00
-1.289626666666670030e+00 6.951450652365117833e+00
-1.287619999999999987e+00 6.988678296504527765e+00
-1.285613333333329944e+00 7.026174988364687124e+00
-1.283606666666669893e+00 7.065337435864345927e+00
-1.281600000000000072e+00 7.106173743962414413e+00
-1.279593333333330030e+00 7.144660249569910526e+00
-1.277586666666669979e+00 7.186161682696312170e+00
-1.275579999999999936e+00 7.225992941171305972e+00
-1.273573333333329893e+00 7.267282132427659747e+00
-1.271566666666670065e+00 7.306537519324795227e+00
-1.269560000000000022e+00 7.346023923189610727e+00
-1.267553333333329979e+00 7.384288159306685806e+00
-1.265546666666669928e+00 7.462512028421527610e+00
-1.263540000000000108e+00 7.459322316541168618e+00
-1.261533333333330065e+00 7.483212552689049168e+00
-1.259526666666670014e+00 7.539159636825517374e+00
-1.253506666666670100e+00 7.645487252146807577e+00
-1.251500000000000057e+00 7.676142725729396155e+00
-1.249493333333330014e+00 7.710699657626609138e+00
-1.241466666666670049e+00 7.826485945075752682e+00
-1.225413333333329913e+00 7.992112359366293717e+00
-1.205346666666669897e+00 8.056865750703144258e+00
-1.201333333333330033e+00 8.047337886939860851e+00
-1.199326666666669983e+00 8.047841791514359855e+00
-1.193306666666670068e+00 8.022562016165426968e+00
-1.161200000000000010e+00 7.730879487822071461e+00
-1.159193333333329967e+00 7.709016838727525744e+00
-1.157186666666669916e+00 7.685875001707190179e+00
-1.155180000000000096e+00 7.663856909412080753e+00
-1.153173333333330053e+00 7.641877584888357333e+00
-1.147153333333329916e+00 7.577635764488591441e+00
-1.145146666666670088e+00 7.556482697790755765e+00
-1.143140000000000045e+00 7.533499644873991485e+00
-1.141133333333330002e+00 7.510857265200682420e+00
-1.139126666666669951e+00 7.472122297396174950e+00
-1.137119999999999909e+00 7.459217841990164466e+00
-1.135113333333330088e+00 7.453468928517162695e+00
-1.133106666666670037e+00 7.416263948903274894e+00
-1.131099999999999994e+00 7.393191044368016662e+00
-1.129093333333329952e+00 7.369170464385234709e+00
-1.127086666666669901e+00 7.345429234557592224e+00
-1.125080000000000080e+00 7.321770723011248094e+00
-1.123073333333330037e+00 7.294886227379016042e+00
-1.121066666666669986e+00 7.266651577937061290e+00
-1.119059999999999944e+00 7.240366443733106117e+00
-1.117053333333329901e+00 7.211051147552869800e+00
-1.115046666666670072e+00 7.182788847897695561e+00
-1.113040000000000029e+00 7.152774298433282496e+00
-1.111033333333329987e+00 7.123699152002179957e+00
-1.109026666666669936e+00 7.091066054124455675e+00
-1.107019999999999893e+00 7.060066356281802236e+00
-1.105013333333330072e+00 7.028151309933210023e+00
-1.103006666666670021e+00 6.997398526109067873e+00
-1.100999999999999979e+00 6.966977694354050676e+00
-1.098993333333329936e+00 6.936174789407537844e+00
-1.096986666666670107e+00 6.905614378987098512e+00
-1.094980000000000064e+00 6.875933849725434754e+00
-1.092973333333330022e+00 6.846556097545525965e+00
-1.090966666666669971e+00 6.818270555629376339e+00
-1.088959999999999928e+00 6.792923541162871892e+00
-1.086953333333330107e+00 6.766878994416096305e+00
-1.012706666666669975e+00 6.764205828541355103e+00
-1.010699999999999932e+00 6.780955548504184804e+00
-1.008693333333329889e+00 6.801947836745789289e+00
-1.006686666666670060e+00 6.822142096429468339e+00
-1.004680000000000017e+00 6.842880799562472305e+00
-1.002673333333329975e+00 6.863725099109681871e+00
-1.000666666666669924e+00 6.884054258909533708e+00
-9.986599999999999921e-01 6.906967324151483290e+00
-9.966533333333329470e-01 6.928307955542968521e+00
-9.946466666666670120e-01 6.948838740873596542e+00
-9.926399999999999668e-01 6.971787794615712741e+00
-9.906333333333330327e-01 6.995216405978688989e+00
-9.886266666666669867e-01 7.016385304152855440e+00
-9.866200000000000525e-01 7.039187702721232398e+00
-9.846133333333330073e-01 7.063037779024742946e+00
-9.826066666666669613e-01 7.085363263926305777e+00
-9.806000000000000272e-01 7.108438917169433324e+00
-9.785933333333329820e-01 7.129707294326251166e+00
-9.765866666666670470e-01 7.154387431604619429e+00
-9.745800000000000018e-01 7.177224002257235114e+00
-9.725733333333329567e-01 7.198893962599412610e+00
-9.705666666666670217e-01 7.223254619889596384e+00
-9.685599999999999765e-01 7.244118875562807425e+00
-9.665533333333330424e-01 7.267542081555804501e+00
-9.645466666666669964e-01 7.288607023839983157e+00
-9.625399999999999512e-01 7.309028291788721710e+00
-9.605333333333330170e-01 7.329889789699325142e+00
-9.585266666666669710e-01 7.350572774052752223e+00
-9.565200000000000369e-01 7.369239068049751040e+00
-9.545133333333329917e-01 7.386775521270966927e+00
-9.525066666666669457e-01 7.405098321597233912e+00
-9.505000000000000115e-01 7.420771997105056528e+00
-9.484933333333329664e-01 7.453226680336089593e+00
-9.464866666666670314e-01 7.456422150017394834e+00
-9.444799999999999862e-01 7.460369883127992097e+00
-9.424733333333330521e-01 7.465227161160429503e+00
-9.404666666666670061e-01 7.478881905685192066e+00
-9.384599999999999609e-01 7.488830596700050357e+00
-9.364533333333330267e-01 7.502093032807796824e+00
-9.344466666666669807e-01 7.522837969612127473e+00
-9.324400000000000466e-01 7.529881885985338918e+00
-9.304333333333330014e-01 7.535193490598184773e+00
-9.284266666666669554e-01 7.540324738330554943e+00
-9.264200000000000212e-01 7.545740938274732912e+00
-9.244133333333329761e-01 7.550843602099877039e+00
-9.224066666666670411e-01 7.554798385812440564e+00
-9.183933333333329507e-01 7.545607804916610206e+00
-9.163866666666670158e-01 7.551804579635746251e+00
-9.143799999999999706e-01 7.561981386022447182e+00
-9.123733333333330364e-01 7.567533206151805913e+00
-9.003333333333329858e-01 7.461497387217223221e+00
-8.983266666666670508e-01 7.475333548853404508e+00
-8.963200000000000056e-01 7.519604376914094779e+00
-8.923066666666670255e-01 7.553386923387884089e+00
-8.822733333333330208e-01 7.628593342932097343e+00
-8.802666666666669748e-01 7.642739182397439990e+00
-8.682266666666670352e-01 7.725228606265566178e+00
-8.662199999999999900e-01 7.737513833141459685e+00
-8.622066666666670098e-01 7.760207879538231879e+00
-8.321066666666669942e-01 7.764353899856906160e+00
-8.120399999999999840e-01 7.734570365013155424e+00
-8.100333333333330499e-01 7.708297296234651874e+00
-8.080266666666670039e-01 7.675328808371353340e+00
-8.060199999999999587e-01 7.637678920580287745e+00
-8.040133333333330246e-01 7.592799884386904452e+00
-8.020066666666669786e-01 7.543543781826117289e+00
-8.000000000000000444e-01 7.468923873438381378e+00
-1.379926666666670076e+00 6.071749309292508556e+00
-1.377920000000000034e+00 6.101277144941128050e+00
-1.375913333333329991e+00 6.133335872854275728e+00
-1.373906666666669940e+00 6.164858696483035416e+00
-1.371899999999999897e+00 6.195789005242836822e+00
-1.369893333333330077e+00 6.228706489196246920e+00
-1.367886666666670026e+00 6.260311700956391334e+00
-1.365879999999999983e+00 6.293011626098001798e+00
-1.363873333333329940e+00 6.322297682809032260e+00
-1.361866666666669889e+00 6.352550477820684272e+00
-1.359860000000000069e+00 6.383136309107702466e+00
-1.357853333333330026e+00 6.413111519746054867e+00
-1.355846666666669975e+00 6.440184139123839913e+00
-1.353839999999999932e+00 6.466659799767841221e+00
-1.351833333333329890e+00 6.491703950831968939e+00
-1.349826666666670061e+00 6.513163072573076917e+00
-1.347820000000000018e+00 6.534200031343003978e+00
-1.345813333333329975e+00 6.551348907807000188e+00
-1.343806666666669924e+00 6.567971606348028679e+00
-1.341800000000000104e+00 6.582481710581423506e+00
-1.339793333333330061e+00 6.592973198196945717e+00
-1.337786666666670010e+00 6.601068428089597262e+00
-1.335779999999999967e+00 6.607186381879856185e+00
-1.333773333333329925e+00 6.610288469778516252e+00
-1.056853333333330092e+00 6.774409507264439689e+00
-1.054846666666670041e+00 6.750682805752164839e+00
-1.052839999999999998e+00 6.727643649211063170e+00
-1.050833333333329955e+00 6.704613759920412086e+00
-1.048826666666669905e+00 6.684461077196201195e+00
-1.046820000000000084e+00 6.665161314677291671e+00
-1.044813333333330041e+00 6.648822893283304225e+00
-1.042806666666669990e+00 6.633550850161708645e+00
-1.040799999999999947e+00 6.620945467059192957e+00
-1.038793333333329905e+00 6.607688584986662228e+00
-1.036786666666670076e+00 6.595557902228902591e+00
-1.034780000000000033e+00 6.586889309667206760e+00
-1.032773333333329990e+00 6.578438580662842483e+00
-1.030766666666669940e+00 6.572448260763912309e+00
-1.028759999999999897e+00 6.568209265884311421e+00
-1.026753333333330076e+00 6.563794676082995494e+00
-1.024746666666670025e+00 6.561745815877593202e+00
-1.022739999999999982e+00 6.559460386028716172e+00
-1.020733333333329940e+00 6.560642009628288029e+00
-1.018726666666670111e+00 6.561505678124249563e+00
-1.016720000000000068e+00 6.565900531628490633e+00
-1.014713333333330025e+00 6.569600616973159113e+00
-9.203999999999999959e-01 7.436992894321617698e+00
-9.023400000000000309e-01 7.460867826761155897e+00
-8.902999999999999803e-01 7.459461161340389168e+00
-8.882933333333330461e-01 7.459718410932896226e+00
-8.842799999999999550e-01 7.461579621247015126e+00
-7.638095238095240491e-01 7.555999956121058680e+00
-7.376791979949870459e-01 7.640474490652652939e+00
-7.356691729323310280e-01 7.702867916218919753e+00
-7.336591478696740110e-01 7.759315119746259981e+00
-7.316491228070179931e-01 7.810002695103795745e+00
-7.296390977443609760e-01 7.854433367789851239e+00
-7.276290726817039589e-01 7.895069576089144725e+00
-7.256190476190480521e-01 7.924193312207528983e+00
-7.215989974937340179e-01 7.992521504813165478e+00
-6.753684210526319509e-01 8.266530093541861746e+00
-6.733583959899750448e-01 8.063101826753076296e+00
-6.673283208020049928e-01 8.129634142334060343e+00
-6.653182957393479757e-01 8.150416904329155443e+00
-6.633082706766919578e-01 8.172812021432934060e+00
-6.612982456140350518e-01 8.192472974285427867e+00
-6.592882205513780347e-01 8.217592442690605736e+00
-6.552681704260649997e-01 8.259605466240341087e+00
-6.532581453634089819e-01 8.280771398653239856e+00
-6.512481203007519648e-01 8.300166032794235704e+00
-6.492380952380949477e-01 8.320706450605975135e+00
-6.472280701754390408e-01 8.340232555369444967e+00
-6.452180451127820238e-01 8.361029348886120260e+00
-6.432080200501250067e-01 8.380266211171484514e+00
-6.411979949874689888e-01 8.397431317191529132e+00
-6.391879699248119717e-01 8.415601066663816354e+00
-6.371779448621559538e-01 8.433817255266173873e+00
-6.351679197994990478e-01 8.450960497581888831e+00
-6.331578947368420307e-01 8.466261200012171528e+00
-6.311478696741850136e-01 8.481967444572360293e+00
-6.291378446115289957e-01 8.496248947179122268e+00
-3.216040100250630029e-01 8.760848220197983593e+00
-3.195939849624059859e-01 8.743053814083653563e+00
-3.175839598997490243e-01 8.728069091398651835e+00
-3.155739348370930064e-01 8.713121067498002859e+00
-3.135639097744359893e-01 8.701753465790869058e+00
-3.115538847117800270e-01 8.692247207110103346e+00
-3.095438596491230099e-01 8.650108382268911100e+00
-3.055238095238099749e-01 8.631720861944568668e+00
-3.035137844611530133e-01 8.622849319594825701e+00
-2.994937343358399784e-01 8.609942948523080730e+00
-2.954736842105259997e-01 8.599283937163789915e+00
-2.914536340852130203e-01 8.584242249384404388e+00
-2.874335839598999853e-01 8.571211170509281274e+00
-2.834135338345870059e-01 8.558441841880227940e+00
-2.814035087719299888e-01 8.550163670982390940e+00
-2.793934837092730272e-01 8.544435450266940180e+00
-2.733634085213029752e-01 8.533229785755075625e+00
-2.713533834586470128e-01 8.529411924066449657e+00
-2.633132832080199992e-01 8.532203241464749510e+00
-2.613032581453629821e-01 8.532730399718909453e+00
-2.592932330827070198e-01 8.536138592525066571e+00
-2.572832080200500027e-01 8.541137034796404848e+00
-2.552731829573939848e-01 8.546756483258377557e+00
-2.532631578947370232e-01 8.552658225025199457e+00
-2.512531328320800061e-01 8.558137752001282905e+00
-2.492431077694239883e-01 8.568751723635651629e+00
-2.472330827067669989e-01 8.576777002062767608e+00
-2.452230576441100096e-01 8.587890828139196131e+00
-2.432130325814539917e-01 8.599751722809918064e+00
-2.391929824561400131e-01 8.625662974084653101e+00
-2.371829573934839952e-01 8.639991851674572843e+00
-2.351729323308270059e-01 8.656321669512845318e+00
-2.331629072681699888e-01 8.671998852516377809e+00
-2.311528822055139987e-01 8.691850116925737169e+00
-2.291428571428570093e-01 8.709331195307447260e+00
-2.271328320802009915e-01 8.726618553907819376e+00
-2.251228070175440021e-01 8.748173922284832926e+00
-2.231127819548870128e-01 8.769697048877713286e+00
-2.211027568922309949e-01 8.792430357237089211e+00
-2.190927318295740056e-01 8.814304286227772067e+00
-2.170827067669169885e-01 8.838750307358498759e+00
-2.150726817042609984e-01 8.862017804394861642e+00
-2.130626566416040091e-01 8.887354465391403835e+00
-2.110526315789469920e-01 8.913884270174191826e+00
-2.090426065162910019e-01 8.882408776102050041e+00
-2.050225563909779947e-01 8.933856745199665994e+00
-2.030125313283210053e-01 8.959205552639899039e+00
-2.010025062656639883e-01 8.985802233621853929e+00
-7.638095238095239659e-02 8.892084795167880529e+00
-7.437092731829590686e-02 8.902082426324145814e+00
-6.834085213032589645e-02 8.945944316611615932e+00
-6.231077694235599707e-02 8.991132495186548113e+00
-7.236090225563910350e-01 7.404162465397980952e+00
-7.195889724310780000e-01 7.318565703960998370e+00
-7.175789473684209829e-01 7.277415229251294804e+00
-7.155689223057639659e-01 7.237033274909717484e+00
-7.135588972431079480e-01 7.197574867089083561e+00
-7.115488721804510419e-01 7.160835086262282267e+00
-7.095388471177950240e-01 7.128038466907747228e+00
-7.075288220551380070e-01 7.097512829314624128e+00
-7.055187969924809899e-01 7.070605235679115808e+00
-7.035087719298249720e-01 7.045033714383290402e+00
-7.014987468671679549e-01 7.026073122897979140e+00
-6.994887218045110489e-01 7.009747314622598147e+00
-6.974786967418550310e-01 6.996357825351984694e+00
-6.954686716791980139e-01 6.988650596847586272e+00
-6.934586466165409968e-01 6.985056832424175077e+00
-6.914486215538849789e-01 6.988084988352113669e+00
-6.894385964912279618e-01 6.994612187841302564e+00
-6.874285714285709448e-01 7.006689149134139427e+00
-6.854185463659150379e-01 7.025629108996593430e+00
-6.834085213032580208e-01 7.051668516973228940e+00
-6.813984962406020029e-01 7.083398578581237004e+00
-6.793884711779449859e-01 7.121480950679325517e+00
-6.773784461152879688e-01 7.166655983633410720e+00
-6.713483709273180278e-01 7.341795085868961124e+00
-6.693383458646620099e-01 7.408321073007130053e+00
-6.130576441102759677e-01 8.524207682261536689e+00
-6.110476190476189506e-01 8.542591418935453262e+00
-6.090375939849620446e-01 8.555874383173678766e+00
-6.070275689223060267e-01 8.567739469928165263e+00
-6.050175438596490096e-01 8.582346018295304191e+00
-6.030075187969929917e-01 8.592849904120791749e+00
-5.989874686716789576e-01 8.617112980736870043e+00
-5.949674185463660336e-01 8.626692976274885183e+00
-5.929573934837090166e-01 8.633493864478467117e+00
-5.909473684210529987e-01 8.637550176682999847e+00
-5.788872180451130056e-01 8.632649442887716518e+00
-5.768771929824559885e-01 8.628239882914142456e+00
-5.728571428571429536e-01 8.623556715391826444e+00
-5.708471177944860475e-01 8.617345556737452839e+00
-5.688370927318300296e-01 8.614462336819094901e+00
-5.668270676691730126e-01 8.612022355839068055e+00
-5.648170426065159955e-01 8.608729511400641243e+00
-5.628070175438599776e-01 8.608250802709131122e+00
-5.607969924812029605e-01 8.609164991725553051e+00
-5.567769423558900366e-01 8.611453927842653400e+00
-5.547669172932330195e-01 8.615072557002870113e+00
-5.527568922305770016e-01 8.618515398571764408e+00
-5.467268170426069496e-01 8.642527284885693106e+00
-5.427067669172930264e-01 8.666482487783182975e+00
-5.406967418546370086e-01 8.677034684912923623e+00
-5.386867167919799915e-01 8.688980683231550373e+00
-5.366766917293229744e-01 8.702739292924558612e+00
-5.326566416040100505e-01 8.731420491032686471e+00
-5.306466165413530334e-01 8.745835683895210266e+00
-5.266265664160399984e-01 8.774010630152249135e+00
-5.246165413533839805e-01 8.794526531813801284e+00
-5.226065162907269634e-01 8.808528190403738023e+00
-5.125563909774439875e-01 8.874360161122226032e+00
-5.105463659147869704e-01 8.877738859844132691e+00
-4.944661654135339979e-01 8.931811884231052545e+00
-4.884360902255640013e-01 8.943436840246475228e+00
-4.864260651629069843e-01 8.945645257327331734e+00
-4.643157894736840152e-01 8.973357463141397261e+00
-4.623057644110279973e-01 8.978938740793816820e+00
-4.542656641604009837e-01 8.993011396545210090e+00
-4.502456140350880043e-01 8.997794156043713798e+00
-4.422055137844609907e-01 9.009453951976588826e+00
-4.080350877192979731e-01 9.072919347093391096e+00
-4.020050125313279765e-01 9.083962681537887107e+00
-3.718546365914789931e-01 9.100478534945379394e+00
-3.597944862155390000e-01 9.070162678699093206e+00
-3.437142857142860275e-01 8.974887363702443110e+00
-3.336641604010029960e-01 8.876678240509516371e+00
-3.316541353383459789e-01 8.853486289956084221e+00
-3.296441102756890174e-01 8.830660688189629681e+00
-3.236140350877190208e-01 8.772939052517173764e+00
-3.075338345864659928e-01 8.637206251001481760e+00
-3.015037593984959963e-01 8.614454803632018098e+00
-2.974837092731830168e-01 8.601791899480526027e+00
-2.934636591478699819e-01 8.588740617528708654e+00
-2.894436090225570024e-01 8.575347671456817977e+00
-2.854235588972430238e-01 8.563447190508016504e+00
-2.773834586466170093e-01 8.540036374088700200e+00
-2.412030075187970024e-01 8.615159615819891314e+00
-2.070325814536340125e-01 8.911522392842222473e+00
-1.989924812030079981e-01 9.018389147108100801e+00
-1.949724310776939917e-01 9.064845741768085219e+00
-1.889423558897239952e-01 9.133499626344075750e+00
-1.849223057644109880e-01 9.176356929866386736e+00
-1.809022556390980085e-01 9.211941325952663462e+00
-1.768822055137850013e-01 9.245704808919800399e+00
-1.728621553884709949e-01 9.151971698879522776e+00
-1.688421052631579877e-01 9.277240804258479301e+00
-1.668320802005009984e-01 9.172544537467475223e+00
-1.628120300751879912e-01 9.175434677184997057e+00
-1.608020050125310019e-01 9.187997655212162940e+00
-1.427117794486220115e-01 9.128223567500512559e+00
-1.206015037593990008e-01 9.179865321772529896e+00
-1.165814536340849944e-01 9.172665621173955230e+00
-1.105513784461149979e-01 9.171192634465844762e+00
-1.085413533834589939e-01 9.176040760289728482e+00
-1.065313283208020045e-01 9.172274340051997044e+00
-1.025112781954889973e-01 9.175712598297902645e+00
-9.648120300751880651e-02 9.182892138406829829e+00
-8.844110275689230638e-02 9.089358663427933749e+00
-8.643107769423559461e-02 9.215314562292872935e+00
-7.236090225563919509e-02 8.916666414121205975e+00
-6.633082706766919856e-02 8.956240040226687071e+00
-6.030075187969929917e-02 9.009352677100039841e+00
-5.427067669172939979e-02 9.071205946537874709e+00
-4.623057644110280251e-02 9.148748980301723677e+00
-4.422055137844620176e-02 9.168457085700808307e+00
-3.216040100250640299e-02 9.196509221471668383e+00
-2.613032581453639952e-02 9.253346305812844008e+00
-2.412030075187979877e-02 9.267204297209605812e+00
-2.211027568922320150e-02 9.279498262998068014e+00
-1.809022556390979877e-02 9.293915303167075592e+00
-1.608020050125329864e-02 9.297877571457441093e+00
-1.407017543859660075e-02 9.299068976450698187e+00
-1.206015037593989939e-02 9.297881133786152219e+00
-8.040100250626630238e-03 9.288117250823605175e+00
-2.010025062656680111e-03 9.260481752193493676e+00
